Classification Report: EfficientNet-B0
======================================================================

              precision    recall  f1-score   support

           0       0.67      0.50      0.57         8
           1       0.63      0.81      0.71        27
          10       0.97      0.84      0.90       295
         100       1.00      1.00      1.00         5
         101       1.00      1.00      1.00         8
         103       0.98      1.00      0.99        40
         104       1.00      0.71      0.83       104
         105       0.67      0.67      0.67        12
         106       0.97      1.00      0.98        30
          11       0.15      0.40      0.22         5
          12       0.64      0.75      0.69        12
          14       0.59      0.92      0.72        26
          15       0.75      0.56      0.64        16
          16       1.00      0.92      0.96        12
          17       0.86      1.00      0.93        19
          18       0.71      0.92      0.80        13
          19       0.99      0.93      0.95        80
           2       0.91      0.86      0.89       100
          20       0.80      1.00      0.89         4
          21       0.67      1.00      0.80         6
          22       0.50      0.80      0.62         5
          23       0.95      1.00      0.98        21
          24       0.88      1.00      0.94        38
          26       0.95      1.00      0.97       108
          27       0.94      0.97      0.95        31
          28       0.34      0.79      0.48        14
          29       0.98      0.91      0.95        47
           3       0.17      1.00      0.30         9
          30       0.96      0.88      0.92        26
          31       0.95      0.95      0.95        19
          33       0.81      0.94      0.87        18
          34       0.79      0.96      0.87        24
          35       0.75      1.00      0.86         9
          36       0.54      0.78      0.64        36
          37       0.78      0.91      0.84        47
          38       0.81      0.94      0.87        18
          39       0.75      0.60      0.67         5
           4       0.62      1.00      0.76         8
          40       0.88      0.96      0.92        23
          41       0.96      1.00      0.98        27
          42       0.50      0.67      0.57         6
          43       0.98      0.97      0.97       178
          44       1.00      1.00      1.00        13
          45       0.56      0.68      0.61        22
          46       0.85      0.71      0.77       104
          47       0.26      0.77      0.38        13
          48       0.71      0.83      0.77         6
           5       0.47      0.50      0.48        14
          50       1.00      1.00      1.00        19
          51       0.99      0.75      0.85       197
          52       0.97      1.00      0.98        29
          53       1.00      1.00      1.00         6
          54       0.97      0.94      0.95        65
          55       0.74      0.97      0.84        33
          56       0.95      0.95      0.95        42
          57       0.89      0.80      0.84        10
          58       0.57      0.67      0.62         6
          59       0.91      0.72      0.80       109
           6       0.92      0.85      0.88        13
          60       0.71      0.65      0.68        26
          61       0.99      0.97      0.98        99
          62       0.71      1.00      0.83        10
          63       0.50      1.00      0.67         9
          64       0.99      0.96      0.98       487
          65       0.71      0.79      0.75        19
          67       0.90      0.93      0.91        28
          68       0.49      0.90      0.63        21
          69       0.88      0.94      0.91        16
           7       0.74      0.69      0.71       102
          70       0.72      0.47      0.57        45
          71       0.71      1.00      0.83         5
          72       0.80      1.00      0.89        16
          73       0.83      0.62      0.71        56
          74       0.84      0.75      0.80        57
          75       0.70      0.82      0.76        17
          76       0.20      1.00      0.33         1
          77       0.00      0.00      0.00         3
          78       0.82      0.75      0.78        12
          79       0.96      0.89      0.93        28
           8       0.95      0.95      0.95       106
          80       0.78      0.95      0.86        22
          81       1.00      1.00      1.00        15
          82       0.38      1.00      0.55        11
          83       1.00      1.00      1.00         8
          84       0.93      1.00      0.97        42
          85       1.00      1.00      1.00        19
          86       1.00      1.00      1.00         2
          87       0.96      1.00      0.98        23
          89       0.91      0.78      0.84       303
           9       0.36      1.00      0.53        10
          90       0.44      0.67      0.53        18
          91       0.99      0.97      0.98       241
          92       0.82      1.00      0.90        28
          93       1.00      1.00      1.00        14
          94       0.71      0.83      0.77         6
          95       0.96      1.00      0.98        26
          96       0.80      0.67      0.73         6
          97       0.84      0.91      0.88        46
          98       0.75      0.94      0.83        16
          99       0.90      0.74      0.81       168

    accuracy                           0.87      4427
   macro avg       0.78      0.87      0.80      4427
weighted avg       0.90      0.87      0.88      4427
