Classification Report: ResNet-50
======================================================================

              precision    recall  f1-score   support

           0       0.57      0.50      0.53         8
           1       0.57      0.89      0.70        27
          10       0.95      0.72      0.82       295
         100       0.83      1.00      0.91         5
         101       0.80      1.00      0.89         8
         103       0.87      1.00      0.93        40
         104       0.95      0.71      0.81       104
         105       0.47      0.75      0.58        12
         106       0.97      1.00      0.98        30
          11       0.43      0.60      0.50         5
          12       0.65      0.92      0.76        12
          14       0.43      0.88      0.57        26
          15       0.50      0.25      0.33        16
          16       1.00      0.83      0.91        12
          17       0.63      1.00      0.78        19
          18       0.83      0.38      0.53        13
          19       1.00      0.88      0.93        80
           2       0.92      0.86      0.89       100
          20       0.67      1.00      0.80         4
          21       0.86      1.00      0.92         6
          22       0.45      1.00      0.62         5
          23       0.77      0.95      0.85        21
          24       0.93      0.97      0.95        38
          26       0.99      1.00      1.00       108
          27       0.80      0.90      0.85        31
          28       0.47      0.64      0.55        14
          29       0.93      0.87      0.90        47
           3       0.13      1.00      0.23         9
          30       0.93      0.96      0.94        26
          31       0.95      0.95      0.95        19
          33       0.82      0.78      0.80        18
          34       0.84      0.88      0.86        24
          35       0.69      1.00      0.82         9
          36       0.45      0.83      0.59        36
          37       0.91      0.85      0.88        47
          38       0.81      0.94      0.87        18
          39       0.75      0.60      0.67         5
           4       0.58      0.88      0.70         8
          40       0.88      0.91      0.89        23
          41       0.79      1.00      0.89        27
          42       0.50      0.50      0.50         6
          43       0.98      0.98      0.98       178
          44       1.00      1.00      1.00        13
          45       0.39      0.68      0.50        22
          46       0.74      0.63      0.68       104
          47       0.28      0.69      0.40        13
          48       1.00      0.67      0.80         6
           5       0.23      0.43      0.30        14
          50       0.90      1.00      0.95        19
          51       0.97      0.63      0.76       197
          52       0.97      0.97      0.97        29
          53       0.38      0.83      0.53         6
          54       0.95      0.82      0.88        65
          55       0.61      0.94      0.74        33
          56       0.91      0.93      0.92        42
          57       0.82      0.90      0.86        10
          58       0.56      0.83      0.67         6
          59       0.89      0.46      0.61       109
           6       0.80      0.62      0.70        13
          60       1.00      0.27      0.42        26
          61       1.00      0.99      0.99        99
          62       1.00      1.00      1.00        10
          63       0.32      1.00      0.49         9
          64       1.00      0.93      0.96       487
          65       0.56      0.74      0.64        19
          67       0.73      0.96      0.83        28
          68       0.44      0.95      0.61        21
          69       0.89      1.00      0.94        16
           7       0.73      0.72      0.72       102
          70       0.61      0.31      0.41        45
          71       0.38      1.00      0.56         5
          72       0.62      0.94      0.75        16
          73       0.71      0.48      0.57        56
          74       0.61      0.68      0.64        57
          75       0.71      0.59      0.65        17
          76       0.25      1.00      0.40         1
          77       0.00      0.00      0.00         3
          78       0.25      0.17      0.20        12
          79       0.96      0.89      0.93        28
           8       0.97      0.94      0.96       106
          80       0.62      0.82      0.71        22
          81       1.00      1.00      1.00        15
          82       0.20      1.00      0.33        11
          83       1.00      1.00      1.00         8
          84       0.84      0.98      0.90        42
          85       0.95      1.00      0.97        19
          86       1.00      0.50      0.67         2
          87       0.92      1.00      0.96        23
          89       0.97      0.57      0.72       303
           9       0.26      1.00      0.42        10
          90       0.35      0.61      0.45        18
          91       0.97      0.97      0.97       241
          92       0.76      1.00      0.86        28
          93       0.88      1.00      0.93        14
          94       0.36      0.67      0.47         6
          95       0.93      1.00      0.96        26
          96       0.60      0.50      0.55         6
          97       0.82      0.89      0.85        46
          98       0.62      1.00      0.76        16
          99       0.75      0.83      0.79       168

    accuracy                           0.81      4427
   macro avg       0.72      0.81      0.74      4427
weighted avg       0.87      0.81      0.82      4427
