Classification Report: ViT-B/16
======================================================================

              precision    recall  f1-score   support

           0       0.71      0.62      0.67         8
           1       0.75      0.89      0.81        27
          10       1.00      0.99      0.99       295
         100       1.00      1.00      1.00         5
         101       0.89      1.00      0.94         8
         103       1.00      1.00      1.00        40
         104       0.97      0.99      0.98       104
         105       1.00      0.75      0.86        12
         106       1.00      1.00      1.00        30
          11       0.75      0.60      0.67         5
          12       0.83      0.83      0.83        12
          14       0.83      0.92      0.87        26
          15       1.00      0.62      0.77        16
          16       1.00      1.00      1.00        12
          17       1.00      1.00      1.00        19
          18       1.00      0.85      0.92        13
          19       0.99      1.00      0.99        80
           2       1.00      0.99      0.99       100
          20       1.00      1.00      1.00         4
          21       1.00      1.00      1.00         6
          22       1.00      0.60      0.75         5
          23       0.95      1.00      0.98        21
          24       0.95      1.00      0.97        38
          26       0.97      1.00      0.99       108
          27       0.97      0.97      0.97        31
          28       0.72      0.93      0.81        14
          29       1.00      0.98      0.99        47
           3       0.78      0.78      0.78         9
          30       1.00      1.00      1.00        26
          31       0.95      0.95      0.95        19
          33       1.00      0.94      0.97        18
          34       1.00      1.00      1.00        24
          35       1.00      1.00      1.00         9
          36       0.75      0.92      0.82        36
          37       0.94      0.96      0.95        47
          38       0.89      0.94      0.92        18
          39       1.00      0.60      0.75         5
           4       1.00      1.00      1.00         8
          40       0.92      1.00      0.96        23
          41       1.00      1.00      1.00        27
          42       0.75      0.50      0.60         6
          43       0.99      0.99      0.99       178
          44       1.00      1.00      1.00        13
          45       0.74      0.91      0.82        22
          46       0.85      0.89      0.87       104
          47       0.62      0.77      0.69        13
          48       0.71      0.83      0.77         6
           5       1.00      0.21      0.35        14
          50       1.00      1.00      1.00        19
          51       0.96      0.94      0.95       197
          52       0.97      1.00      0.98        29
          53       1.00      0.83      0.91         6
          54       0.98      0.94      0.96        65
          55       0.92      1.00      0.96        33
          56       1.00      0.95      0.98        42
          57       1.00      1.00      1.00        10
          58       1.00      0.67      0.80         6
          59       0.87      0.97      0.92       109
           6       1.00      0.92      0.96        13
          60       0.84      0.62      0.71        26
          61       1.00      1.00      1.00        99
          62       1.00      1.00      1.00        10
          63       0.80      0.89      0.84         9
          64       1.00      0.99      0.99       487
          65       1.00      0.89      0.94        19
          67       0.97      1.00      0.98        28
          68       0.91      0.95      0.93        21
          69       1.00      1.00      1.00        16
           7       0.81      0.89      0.85       102
          70       0.82      0.69      0.75        45
          71       0.83      1.00      0.91         5
          72       0.94      1.00      0.97        16
          73       0.85      0.84      0.85        56
          74       0.91      0.84      0.87        57
          75       0.93      0.76      0.84        17
          76       0.50      1.00      0.67         1
          77       0.00      0.00      0.00         3
          78       1.00      0.25      0.40        12
          79       0.97      1.00      0.98        28
           8       1.00      0.98      0.99       106
          80       1.00      0.86      0.93        22
          81       1.00      1.00      1.00        15
          82       1.00      1.00      1.00        11
          83       1.00      1.00      1.00         8
          84       0.98      1.00      0.99        42
          85       1.00      1.00      1.00        19
          86       1.00      1.00      1.00         2
          87       1.00      1.00      1.00        23
          89       0.93      0.99      0.96       303
           9       0.77      1.00      0.87        10
          90       0.79      0.61      0.69        18
          91       1.00      0.99      1.00       241
          92       0.93      1.00      0.97        28
          93       1.00      1.00      1.00        14
          94       0.75      1.00      0.86         6
          95       1.00      1.00      1.00        26
          96       0.86      1.00      0.92         6
          97       1.00      1.00      1.00        46
          98       0.94      0.94      0.94        16
          99       0.98      0.92      0.95       168

    accuracy                           0.95      4427
   macro avg       0.92      0.90      0.90      4427
weighted avg       0.95      0.95      0.95      4427
